10
    1        0    7  135    9  195    3  125    2  106   11  120    7  193    5   78   12   81   12   62    2  -1
    2      223    2  199    6   97   12  155    2  -1
    3      487    2  134    6   61   10  170    7  -1
    4      925    7  145    4  109    5  116   12  155   15   72    9  182   10  149   15  -1
    5     1278   10   85    6  166    5  166   13  177   14  -1
    6     1613   11  144    8  118    4   90   12  117    3  130    5   73    3  156    3  135    5   70   10  -1
    7     1643    8   71   10  122    6  166    5   85    7  198    7  -1
    8     1691    2   94    3   85   11  178    8   80   14  -1
    9     2075   11  197    6  148    8  122    6  147    9  -1
   10     2369   11  199   13  172    7   58    7   91    9  185    4   71    7  181   10   90    3  -1
